100;0,000293;100;0,016427;100;0,000516;100;0,031941;100;0,001889;100;0,001573
200;0,002366;200;0,028552;200;0,002814;200;0,055989;200;0,007623;200;0,006256
300;0,008893;300;0,049944;300;0,011339;300;0,015879;300;0,012924;300;0,014950
400;0,021109;400;0,083076;400;0,017808;400;0,072304;400;0,033986;400;0,030845
500;0,044803;500;0,098494;500;0,041972;500;0,104038;500;0,043468;500;0,051901
600;0,070434;600;0,155629;600;0,053197;600;0,063242;600;0,093412;600;0,079709
700;0,128665;700;0,174575;700;0,086260;700;0,087836;700;0,118989;700;0,107918
800;0,194529;800;0,257964;800;0,128597;800;0,164186;800;0,137723;800;0,126988
900;0,337532;900;0,293773;900;0,339863;900;0,205558;900;0,173740;900;0,147923
1000;0,665248;1000;0,363406;1000;0,389409;1000;0,202810;1000;0,219066;1000;0,201940
1100;1,107844;1100;0,377728;1100;0,612019;1100;0,300699;1100;0,302219;1100;0,258458
1200;1,439484;1200;0,514258;1200;0,659044;1200;0,278856;1200;0,303243;1200;0,298725
1300;1,920167;1300;0,604033;1300;0,758365;1300;0,352182;1300;0,419909;1300;0,377573
1400;2,705231;1400;0,699697;1400;0,942739;1400;0,381850;1400;0,521744;1400;0,420039
1500;3,317363;1500;0,838496;1500;1,098071;1500;0,438433;1500;0,536804;1500;0,457001
1600;4,158202;1600;0,908492;1600;1,295042;1600;0,528829;1600;0,623495;1600;0,520427
1700;5,454129;1700;1,203801;1700;1,642176;1700;0,602658;1700;0,701046;1700;0,654016
1800;6,359465;1800;1,156383;1800;1,775654;1800;0,735733;1800;0,890152;1800;0,769996
1900;7,589858;1900;1,313145;1900;2,239543;1900;0,781498;1900;1,028112;1900;0,856257
2000;9,096097;2000;1,464225;2000;2,569963;2000;0,843673;2000;1,088292;2000;1,001881
2100;10,829721;2100;1,610479;2100;2,468979;2100;0,991401;2100;1,095168;2100;1,058773
2200;12,839636;2200;1,813223;2200;2,963548;2200;1,184307;2200;1,340804;2200;1,129077
2300;14,785442;2300;1,944891;2300;3,393224;2300;1,351815;2300;1,536532;2300;1,202313
2400;17,315322;2400;2,200093;2400;3,777813;2400;1,468084;2400;1,462122;2400;1,324787
2500;19,790334;2500;2,311447;2500;4,434089;2500;1,588903;2500;1,669893;2500;1,398660
2600;21,709987;2600;2,570555;2600;3,681640;2600;1,758982;2600;1,751377;2600;1,523527
2700;26,067190;2700;2,774369;2700;4,719347;2700;2,025094;2700;1,993837;2700;1,701730
2800;31,253279;2800;3,286328;2800;5,206807;2800;2,168479;2800;2,291595;2800;1,918882
2900;33,180830;2900;3,586034;2900;5,696693;2900;2,561381;2900;2,298921;2900;2,038216
3000;36,901415;3000;4,123885;3000;6,025712;3000;2,808755;3000;2,404244;3000;2,110854
3100;42,005529;3100;3,860421;3100;7,253631;3100;2,917645;3100;2,550128;3100;2,275001
3200;45,424312;3200;4,364000;3200;7,806841;3200;3,016891;3200;2,838000;3200;2,458549
3300;40,796543;3300;4,504897;3300;5,507561;3300;3,448962;3300;2,952932;3300;2,717084
3400;57,069298;3400;5,236452;3400;8,905291;3400;3,742613;3400;3,193187;3400;2,735804
3500;61,469634;3500;5,375503;3500;9,552760;3500;3,927587;3500;3,510266;3500;3,074411
3600;69,494881;3600;5,807237;3600;10,281194;3600;4,506997;3600;3,613904;3600;3,251978
3700;65,718980;3700;6,085737;3700;2,795696;3700;4,216760;3700;3,475675;3700;3,320484
3800;26,437567;3800;6,536467;3800;3,715811;3800;4,693492;3800;3,774777;3800;3,331208
3900;29,360605;3900;6,737744;3900;4,920790;3900;5,171076;3900;3,936149;3900;3,747926
4000;37,363709;4000;7,791886;4000;5,884027;4000;5,774031;4000;4,346327;4000;3,981145
4100;38,187257;4100;8,062236;4100;7,067801;4100;6,192832;4100;4,722495;4100;4,292133
4200;50,439111;4200;9,269311;4200;7,863271;4200;6,482785;4200;5,089595;4200;4,464498
4300;45,627484;4300;8,895078;4300;5,876104;4300;6,987009;4300;5,351336;4300;5,358883
4400;136,786109;4400;11,346535;4400;19,401441;4400;18,363062;4400;6,743473;4400;5,746416
4500;132,384369;4500;10,455070;4500;6,833865;4500;8,559355;4500;6,681438;4500;5,911057
4600;160,432326;4600;12,753770;4600;22,101024;4600;10,107721;4600;7,170936;4600;6,528602
4700;143,379367;4700;11,153576;4700;6,116569;4700;9,593712;4700;7,028006;4700;6,506172
4800;184,813223;4800;14,033180;4800;26,526330;4800;11,732357;4800;8,754558;4800;7,591352
4900;131,704168;4900;13,616814;4900;10,313526;4900;11,289288;4900;8,606570;4900;7,446666
5000;214,076099;5000;15,751028;5000;29,771963;5000;13,324188;5000;8,841366;5000;7,692917
5100;93,683816;5100;14,041381;5100;11,320803;5100;12,273551;5100;9,689244;5100;8,564779
5200;253,186800;5200;18,464166;5200;16,294527;5200;13,002524;5200;10,361354;5200;9,255579
5300;259,298432;5300;18,277512;5300;35,205792;5300;15,958529;5300;10,971613;5300;9,435157
5400;149,789894;5400;19,974245;5400;15,734858;5400;14,957838;5400;11,207977;5400;9,964903
5500;246,361553;5500;17,454514;5500;13,649234;5500;15,615120;5500;11,785451;5500;10,730227
5600;309,876320;5600;22,883571;5600;19,581811;5600;16,176002;5600;11,891476;5600;10,829275
5700;143,088350;5700;21,046459;5700;18,761897;5700;17,127573;5700;12,999755;5700;11,513912
5800;162,380478;5800;24,626864;5800;10,760583;5800;18,126102;5800;12,998228;5800;10,811845
5900;90,642702;5900;21,098660;5900;11,764948;5900;18,991884;5900;13,334323;5900;12,056835
6000;125,488835;6000;27,342305;6000;12,340108;6000;19,586537;6000;13,560880;6000;12,668379
6100;106,039916;6100;25,204252;6100;13,045537;6100;20,747745;6100;13,775879;6100;13,125354
6200;146,609246;6200;29,996974;6200;13,934880;6200;21,889741;6200;14,607098;6200;13,272365
6300;122,447036;6300;26,134605;6300;14,270119;6300;23,120868;6300;15,478168;6300;14,125210
6400;164,470501;6400;35,021772;6400;15,836443;6400;25,012296;6400;16,012597;6400;15,697951
6500;332,803162;6500;31,384793;6500;67,989829;6500;32,842387;6500;18,076291;6500;16,017864
6600;323,606899;6600;37,900168;6600;70,551746;6600;30,388111;6600;18,956302;6600;17,316959
6700;266,831472;6700;31,134250;6700;74,224934;6700;31,498574;6700;19,271051;6700;17,559088
6800;313,137899;6800;41,076014;6800;79,214065;6800;32,454019;6800;20,097460;6800;17,942757
6900;268,338261;6900;37,720995;6900;81,154314;6900;35,073820;6900;25,391827;6900;23,486638
7000;300,011391;7000;43,558241;7000;84,147841;7000;36,371918;7000;21,400146;7000;19,477190
7100;255,346950;7100;37,647954;7100;86,557151;7100;37,640585;7100;23,020996;7100;20,925138
7200;257,548392;7200;36,130503;7200;25,926931;7200;34,526272;7200;22,316916;7200;20,767493
7300;309,667181;7300;44,912856;7300;96,802705;7300;41,507257;7300;25,739623;7300;22,686140
7400;369,500440;7400;50,613451;7400;39,152908;7400;38,297710;7400;23,868692;7400;21,757882
7500;551,135541;7500;44,186278;7500;105,615174;7500;44,301665;7500;26,241765;7500;24,000749
7600;469,089452;7600;56,561269;7600;40,613064;7600;40,296623;7600;25,248226;7600;24,351613
7700;580,677161;7700;52,395380;7700;115,729060;7700;48,708458;7700;36,109945;7700;34,563350
7800;442,621225;7800;62,166396;7800;39,171879;7800;44,147282;7800;26,958247;7800;26,410621
7900;599,773927;7900;51,350355;7900;123,308379;7900;59,234981;7900;30,373501;7900;26,588645
